   6.2000000e+01   1.0000000e+00   6.2000000e+01   1.0000000e+00   6.2000000e+01   1.0000000e+00
   4.3300000e+02   4.3400000e+02   4.3400000e+02   4.3400000e+02   4.3400000e+02   3.2900000e+02
   4.6500000e+02   1.0000000e+00   1.0000000e+00   1.0000000e+00   1.0000000e+00   1.0000000e+00
   4.6500000e+02   1.0000000e+00   1.0000000e+00   1.0000000e+00   2.6000000e+01   2.6000000e+01
   4.6500000e+02   1.0000000e+00   1.0000000e+00   1.0000000e+00   1.0000000e+00   2.6000000e+01
   4.6500000e+02   1.0000000e+00   1.0000000e+00   1.0000000e+00   1.0000000e+00   1.0000000e+00
   1.0000000e+00   1.0000000e+00   1.0000000e+00   1.0000000e+00   1.0000000e+00   1.0000000e+00
   1.0000000e+00   1.0000000e+00   1.0000000e+00   1.0000000e+00   1.0000000e+00   6.2000000e+01
   1.0000000e+00   1.0000000e+00   1.0000000e+00   1.0000000e+00   1.0000000e+00   1.0000000e+00
   1.0000000e+00   1.0000000e+00   1.0000000e+00   1.0000000e+00   1.0000000e+00   1.0000000e+00
   1.0000000e+00   1.0000000e+00   1.0000000e+00   1.0000000e+00   1.0000000e+00   1.0000000e+00
   1.0000000e+00   1.0000000e+00   1.0000000e+00   1.0000000e+00   1.0000000e+00   1.0000000e+00
