   1.6900000e+02   1.6900000e+02   5.2600000e+02   5.2600000e+02   1.6900000e+02   1.6900000e+02
   1.6900000e+02   5.2600000e+02   6.0000000e+01   2.6000000e+01   5.2600000e+02   1.6900000e+02
   5.2600000e+02   1.0000000e+00   1.0000000e+00   2.7000000e+01   1.0000000e+00   5.2600000e+02
   5.2600000e+02   1.0000000e+00   6.2000000e+01   1.0000000e+00   1.0000000e+00   5.2600000e+02
   5.2600000e+02   1.0000000e+00   1.0000000e+00   1.0000000e+00   1.0000000e+00   5.2600000e+02
   5.2600000e+02   2.7000000e+01   1.0000000e+00   1.0000000e+00   2.7000000e+01   5.2600000e+02
   1.0000000e+00   1.0000000e+00   1.0000000e+00   1.0000000e+00   1.0000000e+00   1.0000000e+00
   1.0000000e+00   1.0000000e+00   1.0000000e+00   1.0000000e+00   1.0000000e+00   1.0000000e+00
   1.0000000e+00   1.0000000e+00   1.0000000e+00   1.0000000e+00   1.0000000e+00   1.0000000e+00
   1.0000000e+00   1.0000000e+00   1.0000000e+00   1.0000000e+00   1.0000000e+00   1.0000000e+00
   1.0000000e+00   1.0000000e+00   1.0000000e+00   1.0000000e+00   1.0000000e+00   1.0000000e+00
   1.0000000e+00   1.0000000e+00   1.0000000e+00   1.0000000e+00   1.0000000e+00   1.0000000e+00
