   4.6500000e+02   1.0000000e+00   1.0000000e+00   1.0000000e+00   1.0000000e+00   1.0000000e+00
   4.6500000e+02   1.0000000e+00   1.0000000e+00   1.0000000e+00   1.0000000e+00   1.0000000e+00
   4.6500000e+02   1.0000000e+00   1.0000000e+00   1.0000000e+00   1.0000000e+00   1.0000000e+00
   4.9700000e+02   4.9800000e+02   4.9800000e+02   4.9800000e+02   4.9800000e+02   3.2900000e+02
   1.0000000e+00   1.0000000e+00   4.4900000e+02   1.0000000e+00   1.0000000e+00   1.0000000e+00
   9.0000000e+00   9.0000000e+00   2.6000000e+01   1.0000000e+00   1.0000000e+00   1.0000000e+00
   1.0000000e+00   1.0000000e+00   1.0000000e+00   1.0000000e+00   1.0000000e+00   1.0000000e+00
   1.0000000e+00   1.0000000e+00   1.0000000e+00   1.0000000e+00   1.0000000e+00   1.0000000e+00
   1.0000000e+00   1.0000000e+00   1.0000000e+00   1.0000000e+00   1.0000000e+00   1.0000000e+00
   1.0000000e+00   1.0000000e+00   1.0000000e+00   1.0000000e+00   1.0000000e+00   1.0000000e+00
   1.0000000e+00   1.0000000e+00   1.0000000e+00   1.0000000e+00   1.0000000e+00   1.0000000e+00
   1.0000000e+00   7.1900000e+02   1.0000000e+00   1.0000000e+00   1.0000000e+00   1.0000000e+00
