   4.3300000e+02   3.2700000e+02   4.3400000e+02   4.3400000e+02   3.2700000e+02   4.3500000e+02
   4.6500000e+02   1.0000000e+00   1.0000000e+00   1.0000000e+00   1.0000000e+00   4.6700000e+02
   4.6500000e+02   1.0000000e+00   1.0000000e+00   1.0000000e+00   1.0000000e+00   4.6700000e+02
   4.6500000e+02   1.0000000e+00   1.0000000e+00   1.0000000e+00   1.0000000e+00   4.6700000e+02
   4.6500000e+02   3.0000000e+02   2.6000000e+01   1.0000000e+00   2.6900000e+02   4.6700000e+02
   4.9700000e+02   4.9800000e+02   4.9800000e+02   4.9800000e+02   4.9800000e+02   4.9900000e+02
   1.0000000e+00   1.0000000e+00   1.0000000e+00   1.0000000e+00   1.0000000e+00   1.0000000e+00
   1.0000000e+00   1.0000000e+00   1.0000000e+00   1.0000000e+00   1.0000000e+00   1.0000000e+00
   1.0000000e+00   1.0000000e+00   1.0000000e+00   1.0000000e+00   1.0000000e+00   1.0000000e+00
   1.0000000e+00   1.0000000e+00   1.0000000e+00   1.0000000e+00   1.0000000e+00   1.0000000e+00
   1.0000000e+00   1.0000000e+00   1.0000000e+00   1.0000000e+00   1.0000000e+00   1.0000000e+00
   1.0000000e+00   1.0000000e+00   1.0000000e+00   1.0000000e+00   1.0000000e+00   1.0000000e+00
