   3.0000000e+00   3.0000000e+00   3.0000000e+00   3.0000000e+00   3.0000000e+00   3.0000000e+00
   3.0000000e+00   3.0000000e+00   3.0000000e+00   3.0000000e+00   3.0000000e+00   3.0000000e+00
   3.0000000e+00   3.0000000e+00   3.0000000e+00   3.0000000e+00   3.0000000e+00   3.0000000e+00
   3.0000000e+00   3.0000000e+00   3.0000000e+00   3.0000000e+00   3.0000000e+00   3.0000000e+00
   3.0000000e+00   3.0000000e+00   3.0000000e+00   3.0000000e+00   3.0000000e+00   3.0000000e+00
   3.0000000e+00   3.0000000e+00   3.0000000e+00   3.0000000e+00   3.0000000e+00   3.0000000e+00
   1.0000000e+00   2.6000000e+01   4.4900000e+02   1.0000000e+00   1.0000000e+00   1.0000000e+00
   1.0000000e+00   1.0000000e+00   1.0000000e+00   1.0000000e+00   1.0000000e+00   1.0000000e+00
   1.0000000e+00   1.0000000e+00   1.0000000e+00   1.0000000e+00   1.0000000e+00   1.0000000e+00
   1.0000000e+00   1.0000000e+00   1.0000000e+00   1.0000000e+00   1.0000000e+00   1.0000000e+00
   1.0000000e+00   1.0000000e+00   1.0000000e+00   1.0000000e+00   1.0000000e+00   1.0000000e+00
   1.0000000e+00   1.0000000e+00   1.0000000e+00   1.0000000e+00   1.0000000e+00   1.0000000e+00
