   1.0000000e+00   1.0000000e+00   1.0000000e+00   1.0000000e+00   1.0000000e+00   1.0000000e+00
   3.0000000e+00   3.0000000e+00   3.0000000e+00   3.0000000e+00   3.0000000e+00   3.0000000e+00
   3.0000000e+00   3.0000000e+00   3.0000000e+00   3.0000000e+00   3.0000000e+00   3.0000000e+00
   3.0000000e+00   3.0000000e+00   3.0000000e+00   3.0000000e+00   3.0000000e+00   3.0000000e+00
   3.0000000e+00   3.0000000e+00   3.0000000e+00   3.0000000e+00   3.0000000e+00   3.0000000e+00
   6.4700000e+02   6.4700000e+02   6.4700000e+02   6.4700000e+02   6.4700000e+02   6.4700000e+02
   1.0000000e+00   1.0000000e+00   1.0000000e+00   1.0000000e+00   1.0000000e+00   1.0000000e+00
   1.0000000e+00   1.0000000e+00   1.0000000e+00   1.0000000e+00   1.0000000e+00   2.6000000e+01
   1.0000000e+00   1.0000000e+00   2.6000000e+01   1.0000000e+00   1.0000000e+00   1.0000000e+00
   1.0000000e+00   1.0000000e+00   1.0000000e+00   1.0000000e+00   1.0000000e+00   7.5100000e+02
   1.0000000e+00   1.0000000e+00   1.0000000e+00   1.0000000e+00   1.0000000e+00   1.0000000e+00
   1.0000000e+00   1.0000000e+00   1.0000000e+00   1.0000000e+00   1.0000000e+00   1.0000000e+00
