   3.0000000e+00   3.0000000e+00   3.0000000e+00   3.0000000e+00   3.0000000e+00   3.0000000e+00
   3.0000000e+00   3.0000000e+00   3.0000000e+00   3.0000000e+00   3.0000000e+00   3.0000000e+00
   3.0000000e+00   3.0000000e+00   3.0000000e+00   3.0000000e+00   3.0000000e+00   3.0000000e+00
   3.0000000e+00   3.0000000e+00   3.0000000e+00   3.0000000e+00   3.0000000e+00   3.0000000e+00
   3.0000000e+00   3.0000000e+00   3.0000000e+00   3.0000000e+00   3.0000000e+00   3.0000000e+00
   3.0000000e+00   3.0000000e+00   3.0000000e+00   3.0000000e+00   3.0000000e+00   3.0000000e+00
   1.0000000e+00   6.2000000e+01   1.0000000e+00   1.0000000e+00   1.0000000e+00   1.0000000e+00
   6.2000000e+01   6.2000000e+01   4.4900000e+02   1.0000000e+00   1.0000000e+00   2.6000000e+01
   6.2000000e+01   1.0000000e+00   7.1600000e+02   1.0000000e+00   1.0000000e+00   1.0000000e+00
   6.2000000e+01   6.2000000e+01   6.2000000e+01   1.0000000e+00   1.0000000e+00   1.0000000e+00
   1.0000000e+00   6.2000000e+01   1.0000000e+00   1.0000000e+00   1.0000000e+00   1.0000000e+00
   1.0000000e+00   1.0000000e+00   1.0000000e+00   1.0000000e+00   1.0000000e+00   1.0000000e+00
