   1.6900000e+02   1.6900000e+02   9.0000000e+00   9.0000000e+00   1.0000000e+00   1.7000000e+01
   1.6900000e+02   1.6900000e+02   9.0000000e+00   9.0000000e+00   1.0000000e+00   1.7000000e+01
   1.6900000e+02   1.6900000e+02   9.0000000e+00   9.0000000e+00   1.0000000e+00   1.7000000e+01
   1.6900000e+02   1.6900000e+02   9.0000000e+00   9.0000000e+00   1.0000000e+00   1.7000000e+01
   1.6900000e+02   1.6900000e+02   9.0000000e+00   9.0000000e+00   1.0000000e+00   1.7000000e+01
   1.6900000e+02   1.6900000e+02   9.0000000e+00   9.0000000e+00   1.0000000e+00   1.7000000e+01
   1.0000000e+00   1.0000000e+00   1.0000000e+00   7.1900000e+02   1.0000000e+00   1.0000000e+00
   1.0000000e+00   1.0000000e+00   1.0000000e+00   1.0000000e+00   1.0000000e+00   1.0000000e+00
   1.0000000e+00   1.0000000e+00   1.0000000e+00   1.0000000e+00   1.0000000e+00   1.0000000e+00
   1.0000000e+00   1.0000000e+00   1.0000000e+00   1.0000000e+00   1.0000000e+00   1.0000000e+00
   1.0000000e+00   1.0000000e+00   1.0000000e+00   1.0000000e+00   1.0000000e+00   1.0000000e+00
   1.0000000e+00   1.0000000e+00   1.0000000e+00   1.0000000e+00   1.0000000e+00   1.0000000e+00
