   1.0000000e+00   1.0000000e+00   1.0000000e+00   1.0000000e+00   1.0000000e+00   1.0000000e+00
   1.0000000e+00   1.0000000e+00   1.0000000e+00   1.8100000e+02   1.0000000e+00   1.0000000e+00
   1.0000000e+00   1.0000000e+00   1.8100000e+02   2.1300000e+02   1.0000000e+00   1.0000000e+00
   1.0000000e+00   1.0000000e+00   2.1300000e+02   1.8100000e+02   1.0000000e+00   1.0000000e+00
   1.0000000e+00   2.6000000e+01   1.0000000e+00   2.1300000e+02   6.2000000e+01   1.0000000e+00
   4.3300000e+02   3.2900000e+02   4.3400000e+02   4.3400000e+02   3.2700000e+02   4.3500000e+02
   1.0000000e+00   1.0000000e+00   1.0000000e+00   1.0000000e+00   1.0000000e+00   1.0000000e+00
   1.0000000e+00   1.0000000e+00   1.0000000e+00   1.0000000e+00   1.0000000e+00   1.0000000e+00
   1.0000000e+00   1.0000000e+00   1.0000000e+00   1.0000000e+00   1.0000000e+00   1.0000000e+00
   1.0000000e+00   1.0000000e+00   1.0000000e+00   1.0000000e+00   1.0000000e+00   1.0000000e+00
   1.0000000e+00   1.0000000e+00   1.0000000e+00   1.0000000e+00   1.0000000e+00   1.0000000e+00
   1.0000000e+00   1.0000000e+00   1.0000000e+00   1.0000000e+00   1.0000000e+00   1.0000000e+00
