   1.8000000e+02   1.0000000e+00   1.0000000e+00   1.0000000e+00   6.2000000e+01   4.3300000e+02
   2.1200000e+02   1.0000000e+00   1.0000000e+00   1.0000000e+00   1.0000000e+00   4.6500000e+02
   1.0000000e+00   1.0000000e+00   1.8100000e+02   1.0000000e+00   1.0000000e+00   4.6500000e+02
   1.8100000e+02   1.0000000e+00   2.1300000e+02   1.0000000e+00   1.0000000e+00   4.6500000e+02
   2.1300000e+02   1.0000000e+00   1.0000000e+00   1.0000000e+00   1.0000000e+00   4.6500000e+02
   1.0000000e+00   1.0000000e+00   1.0000000e+00   1.0000000e+00   2.6000000e+01   4.9700000e+02
   1.0000000e+00   1.0000000e+00   1.0000000e+00   1.0000000e+00   1.0000000e+00   1.0000000e+00
   1.0000000e+00   1.0000000e+00   1.0000000e+00   1.0000000e+00   1.0000000e+00   1.0000000e+00
   1.0000000e+00   1.0000000e+00   1.0000000e+00   1.0000000e+00   1.0000000e+00   1.0000000e+00
   1.0000000e+00   1.0000000e+00   1.0000000e+00   1.0000000e+00   1.0000000e+00   1.0000000e+00
   1.0000000e+00   1.0000000e+00   1.0000000e+00   1.0000000e+00   1.0000000e+00   1.0000000e+00
   1.0000000e+00   1.0000000e+00   1.0000000e+00   1.0000000e+00   1.0000000e+00   1.0000000e+00
