   4.9800000e+02   4.9800000e+02   4.9800000e+02   4.9800000e+02   3.2900000e+02   4.9800000e+02
   1.0000000e+00   9.0000000e+00   9.0000000e+00   5.2000000e+01   5.2000000e+01   4.6500000e+02
   1.0000000e+00   9.0000000e+00   9.0000000e+00   5.2000000e+01   2.7000000e+01   1.0000000e+00
   1.0000000e+00   9.0000000e+00   9.0000000e+00   5.2000000e+01   5.2000000e+01   2.7000000e+01
   4.5200000e+02   9.0000000e+00   9.0000000e+00   2.6000000e+01   5.2000000e+01   4.6500000e+02
   1.0000000e+00   9.0000000e+00   9.0000000e+00   5.2000000e+01   5.2000000e+01   4.9700000e+02
   1.0000000e+00   1.0000000e+00   1.0000000e+00   1.0000000e+00   1.0000000e+00   1.0000000e+00
   1.0000000e+00   1.0000000e+00   1.0000000e+00   1.0000000e+00   1.0000000e+00   1.0000000e+00
   1.0000000e+00   1.0000000e+00   1.0000000e+00   1.0000000e+00   1.0000000e+00   1.0000000e+00
   1.0000000e+00   1.0000000e+00   1.0000000e+00   1.0000000e+00   1.0000000e+00   1.0000000e+00
   1.0000000e+00   1.0000000e+00   1.0000000e+00   1.0000000e+00   1.0000000e+00   1.0000000e+00
   1.0000000e+00   1.0000000e+00   1.0000000e+00   1.0000000e+00   1.0000000e+00   1.0000000e+00
