   1.6900000e+02   1.6900000e+02   1.6900000e+02   1.7000000e+01   1.7000000e+01   1.0000000e+00
   1.6900000e+02   1.6900000e+02   1.6900000e+02   1.7000000e+01   1.7000000e+01   1.0000000e+00
   1.6900000e+02   1.6900000e+02   1.6900000e+02   1.7000000e+01   1.7000000e+01   1.0000000e+00
   1.6900000e+02   1.6900000e+02   1.6900000e+02   1.7000000e+01   1.7000000e+01   1.0000000e+00
   1.6900000e+02   1.6900000e+02   1.6900000e+02   1.7000000e+01   1.7000000e+01   1.0000000e+00
   1.6900000e+02   1.6900000e+02   1.6900000e+02   1.7000000e+01   1.7000000e+01   1.0000000e+00
   1.0000000e+00   1.0000000e+00   1.0000000e+00   1.0000000e+00   1.0000000e+00   1.0000000e+00
   1.0000000e+00   6.1900000e+02   1.0000000e+00   1.0000000e+00   1.0000000e+00   1.0000000e+00
   1.0000000e+00   1.0000000e+00   1.0000000e+00   1.0000000e+00   1.0000000e+00   1.0000000e+00
   1.0000000e+00   1.0000000e+00   1.0000000e+00   1.0000000e+00   1.0000000e+00   1.0000000e+00
   1.0000000e+00   1.0000000e+00   1.0000000e+00   1.0000000e+00   1.0000000e+00   1.0000000e+00
   1.0000000e+00   1.0000000e+00   1.0000000e+00   1.0000000e+00   1.0000000e+00   1.0000000e+00
