   1.6900000e+02   1.6900000e+02   1.6900000e+02   1.6900000e+02   1.6900000e+02   1.6900000e+02
   1.6900000e+02   1.6900000e+02   1.0000000e+00   1.0000000e+00   1.6900000e+02   1.6900000e+02
   1.6900000e+02   1.6900000e+02   1.0000000e+00   1.0000000e+00   1.6900000e+02   1.6900000e+02
   1.6900000e+02   1.6900000e+02   1.0000000e+00   1.0000000e+00   1.6900000e+02   1.6900000e+02
   1.6900000e+02   1.6900000e+02   1.0000000e+00   1.0000000e+00   1.0000000e+00   1.0000000e+00
   1.6900000e+02   1.6900000e+02   1.0000000e+00   1.0000000e+00   1.0000000e+00   1.0000000e+00
   1.0000000e+00   1.0000000e+00   1.0000000e+00   1.0000000e+00   1.0000000e+00   1.0000000e+00
   1.0000000e+00   1.0000000e+00   1.0000000e+00   1.0000000e+00   1.0000000e+00   1.0000000e+00
   2.6000000e+01   6.1900000e+02   1.0000000e+00   1.0000000e+00   1.0000000e+00   1.0000000e+00
   1.0000000e+00   1.0000000e+00   1.0000000e+00   1.0000000e+00   1.0000000e+00   1.0000000e+00
   1.0000000e+00   1.6900000e+02   1.0000000e+00   1.0000000e+00   1.0000000e+00   1.0000000e+00
   1.0000000e+00   1.0000000e+00   1.0000000e+00   1.0000000e+00   1.0000000e+00   1.0000000e+00
