   6.5700000e+02   1.0000000e+00   1.6900000e+02   1.6900000e+02   1.0000000e+00   6.5900000e+02
   6.5700000e+02   1.0000000e+00   1.6900000e+02   1.6900000e+02   1.0000000e+00   6.5900000e+02
   6.5700000e+02   1.0000000e+00   1.6900000e+02   1.6900000e+02   1.0000000e+00   6.5900000e+02
   6.5700000e+02   4.4900000e+02   1.6900000e+02   1.6900000e+02   1.0000000e+00   6.5900000e+02
   6.5700000e+02   2.6000000e+01   1.6900000e+02   1.6900000e+02   1.0000000e+00   6.5900000e+02
   6.8900000e+02   3.6100000e+02   1.6900000e+02   1.6900000e+02   6.9000000e+02   6.9100000e+02
   1.0000000e+00   1.0000000e+00   1.0000000e+00   1.0000000e+00   1.0000000e+00   3.9700000e+02
   1.0000000e+00   1.0000000e+00   1.0000000e+00   1.0000000e+00   1.0000000e+00   3.9700000e+02
   1.0000000e+00   1.0000000e+00   1.0000000e+00   1.0000000e+00   1.0000000e+00   1.0000000e+00
   2.6000000e+01   1.0000000e+00   1.7700000e+02   1.7700000e+02   1.0000000e+00   1.0000000e+00
   6.2000000e+01   1.0000000e+00   1.0000000e+00   1.0000000e+00   1.0000000e+00   1.0000000e+00
   1.0000000e+00   1.0000000e+00   6.9000000e+02   6.9000000e+02   1.0000000e+00   1.0000000e+00
