   6.5700000e+02   2.5600000e+02   1.6900000e+02   1.6900000e+02   1.0000000e+00   6.5900000e+02
   6.5700000e+02   2.6000000e+01   1.6900000e+02   1.6900000e+02   1.0000000e+00   6.5900000e+02
   6.5700000e+02   1.0000000e+00   1.6900000e+02   1.6900000e+02   1.0000000e+00   6.5900000e+02
   6.5700000e+02   1.0000000e+00   1.6900000e+02   1.6900000e+02   1.0000000e+00   6.5900000e+02
   6.5700000e+02   1.0000000e+00   1.6900000e+02   1.6900000e+02   1.0000000e+00   6.5900000e+02
   6.5700000e+02   1.0000000e+00   1.6900000e+02   1.6900000e+02   1.0000000e+00   6.5900000e+02
   1.0000000e+00   1.0000000e+00   1.0000000e+00   1.0000000e+00   1.0000000e+00   1.0000000e+00
   2.6000000e+01   1.0000000e+00   1.0000000e+00   1.0000000e+00   1.0000000e+00   1.0000000e+00
   1.0000000e+00   1.0000000e+00   1.0000000e+00   1.0000000e+00   1.0000000e+00   1.0000000e+00
   1.0000000e+00   1.0000000e+00   1.0000000e+00   1.0000000e+00   1.0000000e+00   1.0000000e+00
   1.0000000e+00   1.0000000e+00   1.0000000e+00   1.0000000e+00   1.0000000e+00   1.0000000e+00
   1.0000000e+00   1.0000000e+00   1.0000000e+00   1.0000000e+00   1.0000000e+00   1.0000000e+00
